63240
59895
8449
61276
41370
25349
58636
176
2583
45601
26614
54559
37498
28036
13803
46680
16651
18686
60347
7448
53577
37327
20742
63562
23425
15865
32820
58400
42418
39221
11396
33104
21096
26269
39008
25606
26179
38294
4777
49567
36906
3747
18234
64066
25651
18976
31107
55770
17154
17229
63062
22931
46
24073
63425
20866
57224
12676
39373
55321
9154
5586
52420
38069
61081
19040
53315
33307
29770
36854
19831
8025
44834
58899
44296
55191
38251
35330
35448
7705
59789
26987
57770
57652
47747
33655
44938
14296
36790
34390
39798
38730
38812
44035
61308
9338
27062
3111
45245
27668
31693
27362
19182
45086
7416
57462
43229
10292
13
30074
9108
52284
20553
9704
49507
12071
16100
23429
22768
23092
36074
19015
20928
44883
64136
10070
40610
27972
49625
45449
54898
14274
28750
12569
55232
56310
64451
63458
31634
43972
55670
35851
34258
7026
63850
20706
13858
37625
49855
34058
50549
35159
49511
24122
23199
21132
30031
33298
58801
31477
17298
62658
9893
62106
42189
12910
25223
41745
23931
43704
58023
45321
30673
26547
60999
41362
20152
46703
6154
51538
51440
8152
16566
55993
50949
39129
55089
34562
12308
16645
38418
1477
15711
19363
12349
61165
64741
18393
9070
15660
11434
11986
53388
2399
52336
45380
18698
48322
10121
48661
11850
7616
52567
14674
63127
58481
29298
10810
51851
65152
5937
8282
34951
34923
63530
20354
55759
55860
45796
34952
24797
4592
64045
9652
4588
58686
4904
42422
41251
30227
54198
45882
29604
38260
50548
59896
46700
37396
33638
49309
42368
6027
5387
37222
56211
3900
29886
1585
56495
7239
13028
61429
20766
35412
12267
20930
24566
6586
13992
44147
52590
23846
11166
11926
26618
41732
62979
41984
37666
4758
63973
60951
32621
34663
16625
35201
44777
16462
28231
35820
36080
65451
35558
29940
6414
15106
10383
52335
24488
20231
27094
32433
55947
56525
9494
8359
61143
58157
40337
13027
57453
24366
36977
20292
31747
11545
33527
8656
56272
7322
8646
40525
28278
8905
61422
4551
26560
59319
44098
15728
3607
38908
30248
24509
45508
34992
28011
64799
15096
25240
62493
60399
3309
56118
56137
62205
56848
36200
11466
34846
10897
64028
23184
34877
5883
45623
55320
15664
12075
57251
21093
37612
6589
62096
16122
58961
31996
58346
34904
34649
18137
60569
65450
36829
55642
36112
35999
33543
18250
30687
1935
49321
34015
14073
17348
61158
56605
60409
10679
21633
63956
13008
18509
47795
43197
12642
63984
55014
18321
8368
62464
49099
23098
58099
48608
23903
27824
28676
24022
44487
42263
21712
22204
47352
42307
9628
32457
65444
54372
27584
65390
30386
23927
16512
64763
56426
3124
52792
40009
36612
23631
22766
53738
29303
7343
7830
8866
54453
50517
24357
7612
20720
19034
40020
20465
11178
50050
45533
65221
32507
38480
49197
33096
20590
2738
7824
12755
38080
57469
9600
64828
33173
57427
49135
38136
58972
46372
22887
27561
44092
1863
6452
25535
58682
46650
63057
34771
54600
48654
16160
10517
14469
22622
51480
21201
22825
63915
23001
61535
45474
6783
39637
11602
17463
11001
19704
13414
11755
30317
41212
18719
30210
10052
56700
26668
43793
34799
33655
54246
31258
16487
16247
47823
20452
53016
24265
5686
304
13249
36757
58622
61289
33268
9855
33472
44431
23235
24304
25533
39030
39115
21092
23351
30295
29428
8637
33128
6217
8074
53061
8548
15606
26253
964
62258
62135
24090
49730
33880
20667
47664
24511
40615
14093
6326
52214
56000
33944
42824
55551
20437
50341
32888
7909
33992
11105
30225
57605
50727
1739
27582
60171
49438
50962
23909
17630
33576
60298
5407
22142
39403
30720
2493
14451
13213
56665
61190
31073
36843
16634
61463
14385
24774
54243
4402
39356
37608
1451
48279
921
21676
9296
25774
12780
43085
49368
32805
58798
49595
38344
64010
8881
22925
53318
47971
31317
52012
25373
58585
53277
42387
23638
2215
8727
33003
16087
36546
52966
47493
53690
61927
24531
48892
8971
46002
13789
9844
7097
29375
28245
42387
45740
8175
40333
41697
52722
49655
30191
35940
13916
55326
22074
43041
46237
16703
60522
26839
51920
35467
25307
25853
21147
56568
54276
7196
11100
2085
21932
36916
44281
47432
49230
875
40759
2846
16770
40619
25505
50391
49684
29136
62594
49166
37123
49768
32607
44253
40365
28749
8250
24078
47956
57533
36219
47480
63834
15947
3720
39214
31741
24363
39304
19557
33676
37264
27421
57901
27139
16356
22066
6033
27457
33327
44438
13679
34937
34820
19998
42021
59085
25664
33295
45688
45324
21207
17970
28159
61372
36412
47715
21639
34641
18122
4816
43698
52383
12375
20666
60421
63940
23005
476
52878
31746
60981
43112
59363
13273
62643
41889
1354
38344
57801
9802
38188
19075
35997
11483
7989
49841
2895
28168
14923
56066
48689
58504
59183
31704
63388
3587
56035
18942
52048
4161
28863
24145
37692
10185
32817
20255
8365
39492
45298
327
46624
44886
39242
65467
12346
15459
40954
59200
61641
12168
26047
39245
32521
21382
13482
54631
35124
40569
25710
58033
16000
40830
50754
38395
25350
45239
28558
6532
10753
6988
50218
60745
50076
18053
34366
1795
43855
51739
16020
21202
32787
668
17179
1610
31068
52625
28197
53885
10353
54810
42679
31720
65106
23101
17421
21501
12400
20884
11239
32005
53998
10039
3911
26813
60324
55167
4930
10928
34441
50763
28376
43795
28656
24666
29267
37881
48243
59956
7235
43891
5779
23890
55880
51189
24677
199
38043
25323
24883
27219
22827
7905
21819
44815
18901
9260
32177
60594
12275
42981
35392
44482
53585
3800
32954
28641
55014
5945
54443
15502
30645
6887
46151
36336
53550
34490
17451
58136
48533
60497
1173
30129
24472
55580
60051
32445
33665
49490
43844
44232
22992
38481
14347
44140
5996
63482
46489
32788
21663
42451
7764
30245
59548
55775
59425
45334
49920
25062
9993
52206
25209
38674
53039
21342
61182
7426
35296
47193
20991
39879
32992
31000
32459
22773
6494
28896
17574
46656
45757
16962
47467
40312
36231
23224
33531
54508
18964
7723
58861
4667
19818
56543
42055
32462
31642
37686
61203
48809
22946
24702
15352
35487
58374
44309
60625
38883
25381
12531
52398
828
49308
17886
21527
21442
27395
1297
29
39500
37867
47820
21698
19917
32990
56164
7724
33857
